100
3.79202
3.85081
4.25563
4.32298
3.67906
4.23918
3.73951
4.06289
3.94273
3.80104
4.38191
3.4733
3.97975
3.60593
4.1961
4.16036
3.82448
4.01493
3.84394
3.86406
4.28454
3.95089
3.99183
4.01155
4.08906
3.9094
3.91311
3.42372
4.39991
4.14872
3.85463
3.47441
4.21466
3.90997
4.11926
4.20955
3.99679
3.79607
4.02966
4.17095
4.26133
4.06486
4.06033
3.7225
4.01937
4.05193
4.06708
4.28895
4.294
3.80442
3.77676
4.20793
4.16492
3.97168
4.09319
4.2865
3.89421
4.07576
3.72324
3.94632
4.32143
3.90749
3.92445
4.52658
3.97659
4.29099
4.22098
4.23136
4.07783
3.91709
3.70276
3.96718
3.8781
3.9734
3.97988
3.6652
4.01524
3.72485
4.09453
3.96127
4.10551
4.28921
4.09237
4.16462
4.11112
4.01898
4.02583
3.94952
4.11671
4.29101
4.10061
4.08281
4.01745
3.77147
3.81439
3.82495
4.12411
4.26485
4.431
4.32031
3.96741
4.1328
3.90081
3.85193
4.22139
4.08214
3.93366
4.09594
4.45562
4.15347
4.16325
3.8534
4.04023
3.78112
4.05201
3.7839
4.04946
3.86237
4.16744
3.66968
3.97667
3.9357
4.14977
4.21349
3.90099
4.01291
4.27968
4.28458
3.7685
3.8159
4.04098
3.83447
4.40251
4.11868
4.11951
3.89131
4.43183
4.13373
4.36269
3.74081
3.7977
3.75817
4.05587
3.50611
3.90619
3.95261
4.0649
4.11308
3.61477
4.17633
3.96415
4.14947
4.24391
3.96715
3.84662
4.40084
4.05413
3.73471
4.24183
3.68338
3.94297
3.90175
3.70655
3.68277
4.14005
4.20294
3.83934
4.10104
4.18698
4.0492
3.95677
3.84697
3.72139
3.96347
3.55899
3.92913
3.66649
4.36292
4.28052
3.90783
4.37623
4.29424
4.14995
3.87664
4.23868
3.9023
4.21225
3.87854
4.02596
4.01898
4.07104
4.28661
3.79288
4.2392
3.87385
3.93904
3.91996
4.21971
3.93084
4.22744
3.93704
4.48369
3.93551
4.25705
4.48942
4.20364
3.69188
4.3721
4.11914
4.27103
4.06068
4.21846
4.39112
4.51858
4.16933
4.42648
4.02364
3.64424
4.35812
4.46357
4.08992
4.38644
3.84363
3.9789
4.18751
3.92418
4.24977
4.09383
4.13604
4.14909
3.87531
4.39511
4.1985
3.97437
3.48848
4.27591
4.15938
4.38538
3.98716
3.97127
4.23015
4.13668
4.1897
4.6991
3.98081
4.05609
4.41488
4.07999
3.98478
4.12932
4.29491
4.02328
4.28877
3.96964
4.12405
4.13668
4.04137
4.1641
4.18076
4.23912
4.62573
4.40748
4.01895
3.92493
3.80791
3.99263
3.73183
3.83398
4.44315
4.20106
4.2112
4.07801
3.86884
4.33017
4.2869
4.32753
3.94016
4.42752
3.86703
4.16912
3.7456
4.23516
4.53226
4.07356
3.89073
4.32474
4.01403
4.29859
4.21689
4.12599
3.98284
4.02317
4.28518
4.2123
4.00212
4.06938
3.85485
4.20019
3.63531
3.873
4.55798
4.26962
4.34679
4.06703
3.78324
4.18695
3.67076
3.8762
3.92645
4.29564
4.14549
4.11921
3.77965
3.84742
3.69343
4.1239
4.06753
4.18402
4.21949
4.4139
4.2696
4.2533
4.04882
3.89723
4.15485
4.16748
3.9804
4.32301
3.61032
4.12214
3.95556
4.30929
4.24812
3.7975
4.07177
4.21773
3.88808
3.91363
4.00497
3.93441
4.06572
4.09373
4.18879
4.16247
4.21422
4.20615
3.98132
3.77349
4.17634
3.81597
4.30656
4.31801
4.37684
3.86696
4.1236
4.03748
3.58939
4.05734
4.5667
4.25669
4.32206
3.90826
3.9766
4.02506
3.74117
3.97656
4.20182
4.00106
3.6767
3.93185
3.73426
4.12244
3.92816
4.3519
4.03447
4.35303
3.97118
3.80591
3.94005
4.46854
3.92377
3.96638
3.70931
3.9774
4.26212
3.74637
4.37027
3.97928
4.04333
4.12501
4.12528
3.98952
4.67932
4.07524
4.48526
4.27886
3.85155
4.47597
4.36146
4.0084
4.34156
4.0088
4.38949
4.36078
4.25175
4.15247
4.29847
4.08517
4.12367
4.40066
4.54272
4.41362
4.54499
4.47127
4.14642
4.27702
3.90036
4.28568
4.33979
3.898
4.20312
4.23382
4.70483
3.63755
3.79552
3.72835
4.52737
4.32486
3.93361
3.97183
4.19827
3.99706
3.96343
4.3283
4.09567
3.82742
3.98679
4.00672
4.15463
4.09955
4.08164
4.02242
4.48667
4.70733
4.22128
4.25035
4.70075
3.86059
4.09329
4.40055
4.43687
4.23544
4.1429
4.29516
4.19742
3.6842
4.20177
4.11661
4.32479
4.28419
3.58464
4.28342
4.28429
4.22586
4.00356
4.18961
4.11277
4.16282
4.28082
3.8665
3.60201
3.90263
4.31397
4.35497
4.22969
4.13086
4.3875
4.34967
3.91046
4.64257
3.856
4.50567
4.02702
4.44258
3.87143
4.39198
4.5801
4.21337
3.74357
3.96453
4.13983
3.97099
4.61108
4.25753
4.38962
3.81014
4.14652
4.12533
3.99071
4.18478
4.30804
3.98397
3.88879
4.32141
4.40503
3.79984
4.11116
3.80687
4.27318
4.6005
4.07121
3.75094
4.36981
4.02735
3.98939
4.10552
4.31433
4.02803
4.35037
4.26776
4.44395
4.32986
4.13351
3.50661
4.06444
3.86986
4.19388
4.62955
3.8256
4.00545
3.53427
4.10587
3.89508
4.29953
4.36244
4.28222
3.63262
4.13821
4.03291
4.06822
4.47149
4.09556
4.22577
4.50934
4.1439
3.91287
4.26693
4.2028
4.18411
4.02766
3.76011
4.17325
4.1975
4.18049
3.90887
4.05939
4.29174
4.07617
3.60359
4.22503
3.98733
3.93718
4.18405
3.99045
3.68437
3.55629
4.28249
3.99033
4.17355
4.50403
4.24574
4.44063
4.00775
4.23965
4.18157
4.40406
3.87152
4.35172
4.39347
4.57134
4.11774
4.22051
4.21658
4.15867
3.82045
4.0665
3.67643
3.99087
4.0436
4.27474
4.15286
3.87968
3.92469
4.05135
4.29555
4.30595
4.27984
3.74117
4.0455
4.0921
3.86507
4.0872
4.15582
3.94332
4.00109
4.16676
4.11172
4.43024
3.95754
4.23113
4.0795
3.94504
4.2886
4.85878
3.76671
4.20928
3.97838
3.99965
4.20497
4.29653
3.85479
3.92927
3.73338
4.10536
3.65826
4.26797
3.99576
4.05973
4.21967
4.05218
4.32619
4.05865
4.05812
4.09188
4.24853
3.92119
4.08677
3.94284
4.31983
4.24438
4.37281
4.05211
3.82379
3.88347
4.16669
4.07577
3.91177
3.97244
4.14357
3.89955
3.83992
3.81151
4.47708
4.2078
3.98264
4.37592
3.84713
4.2281
4.29358
3.86543
4.10747
4.11815
3.75687
4.48621
4.01103
4.21317
4.06842
3.92294
3.71534
4.15745
3.99784
4.11457
3.83541
4.17762
4.53842
4.43979
4.48497
4.47737
4.19705
4.27294
4.11873
4.31482
4.76096
4.38982
4.40815
4.23832
4.11586
4.32862
4.54205
4.3677
4.46857
4.52806
4.46738
4.56945
4.48967
4.37166
3.93207
4.2517
4.47376
4.52854
4.5498
4.77152
4.35758
4.3055
4.41278
4.16877
4.50521
4.23215
4.44344
4.10551
4.17917
4.25519
4.37884
4.45342
4.22667
4.14003
4.12886
4.36689
4.29251
4.37577
4.43535
4.13014
3.97264
4.04215
4.4576
4.46062
4.33758
4.45308
4.37721
4.6614
4.34457
4.48615
4.3342
4.51636
4.30785
4.15692
4.04677
3.75572
4.0455
4.3929
4.30899
4.15985
3.9237
4.1727
3.95583
4.45087
4.19607
4.2133
4.63411
4.49073
4.16841
4.19401
4.00608
4.61873
4.53035
4.46514
4.21406
4.53114
4.08044
4.60375
4.28798
4.22217
4.4612
4.3979
4.03373
4.39345
3.94034
4.42388
3.74677
4.06884
4.04034
3.90129
4.02693
4.20966
4.33652
4.01421
4.23265
3.85443
3.95766
4.32219
3.83549
3.80692
4.48463
3.99753
3.79386
3.99317
4.14963
4.04502
4.47139
4.05839
3.68797
3.79227
4.52641
3.92049
3.64198
3.90392
4.09473
4.21803
4.0384
4.00707
3.87187
3.83987
4.28854
4.05263
4.16991
3.96146
3.89078
4.19951
3.59962
4.2885
4.22786
4.32129
4.03413
4.1348
3.55926
4.00652
4.26982
3.93028
4.02058
3.97624
3.76941
3.9972
3.93976
4.12204
4.36435
4.09818
4.15683
4.21007
4.15244
3.62594
3.91782
4.01261
4.07781
3.44137
4.13879
4.0818
3.91344
4.06796
4.26085
3.98689
4.34724
4.31221
3.91791
3.88334
3.96651
3.88382
4.06251
4.02567
3.79852
4.2271
4.00385
3.93686
4.03408
3.83484
3.8064
4.57846
4.32084
4.14103
4.16961
3.72771
4.13804
4.2293
4.01019
3.69654
4.28301
3.61253
3.84966
3.78002
3.79347
4.10488
4.16184
4.12747
4.21489
3.85974
4.44326
4.5755
4.06324
3.9373
3.83053
3.94109
4.45205
4.29884
4.11686
4.21781
4.08063
3.92676
3.92699
3.99184
3.90329
4.01435
3.85811
3.92271
4.14139
4.11573
3.85497
3.92743
4.23469
4.09805
4.23611
4.3111
4.36916
4.43842
3.94743
4.31337
3.86068
4.2891
4.12386
4.04356
4.1981
4.49923
4.31205
3.84905
3.77555
3.92816
4.4015
4.30015
4.04881
4.11898
3.82626
4.24126
4.09986
3.90266
4.05452
3.97083
3.83432
4.04612
4.38388
4.10703
3.91815
4.39177
4.04276
3.86226
4.16674
4.00201
4.46043
3.95043
4.22026
4.1542
4.05394
3.87672
4.20696
4.50083
3.83628
3.8109
4.20166
4.21119
3.91903
4.12407
4.59361
4.59408
4.14014
4.07124
4.26706
3.8627
4.21446
4.39802
4.41365
4.23741
4.17993
4.21417
4.21502
4.25754
3.96309
4.16337
4.73112
4.12854
3.94562
3.93235
4.0749
3.94973
4.32962
4.37612
4.00927
4.22887
4.21401
4.19934
3.97141
4.25601
4.10889
3.65367
4.34793
4.36747
4.33127
3.79153
4.20907
3.97078
3.96388
4.20967
3.88664
4.39651
4.20686
4.43341
4.53371
3.56395
4.00861
4.46064
4.40438
4.28273
4.03301
4.01589
4.62596
4.20011
3.76892
4.53111
3.71531
4.07304
4.15151
4.06255
4.2515
4.16341
3.6535
4.45284
3.84745
4.10241
4.13941
4.42892
4.34038
4.27709
4.2549
3.9061
4.54084
4.08262
3.95793
4.26028
4.40937
4.20981
4.48525
4.17762
3.76221
4.05775
3.81627
4.24143
4.09317
4.3224
3.96649
4.13762
4.44503
4.4655
4.24496
3.92277
3.99135
4.68094
4.04756
4.30542
4.21209
3.82754
4.30616
4.28902
4.19256
4.31633
4.24997
4.33182
4.36618
3.8813
4.00629
4.25082
3.82688
4.37708
4.1162
4.43259
4.51606
3.87159
3.93143
4.35811
3.81144
4.39045
4.17178
4.23458
4.29486
4.31484
4.46815
3.91148
3.98006
3.79314
3.97951
4.12695
4.35417
4.48774
4.3656
4.26011
4.53504
3.86901
4.06601
4.74846
4.19182
4.22968
3.99939
4.65661
4.30254
4.30817
4.05162
4.29881
3.94806
4.32511
4.14056
4.27819
4.10586
4.12605
4.4714
3.83059
4.24203
4.02946
4.2609
4.02843
4.30109
4.15627
3.75456
4.12837
4.38398
4.09205
4.11545
3.86472
4.17467
4.15908
4.53183
4.09904
4.2828
4.19936
4.1384
3.81402
4.14323
4.41054
3.8109
4.20762
4.50174
3.95465
4.1356
4.02629
4.12034
4.09357
4.3335
3.71503
3.61443
4.12141
4.1804
3.93848
3.86581
3.6977
4.1411
3.98275
3.7764
3.6453
3.6788
3.77782
4.61533
3.88448
4.2247
4.10985
4.00756
4.13875
4.54901
3.76478
4.08509
4.23067
4.28895
4.02595
4.28573
4.33121
3.85581
4.00704
3.46641
4.31985
4.04503
4.17116
4.17937
4.21571
4.26465
4.00305
3.71647
4.22771
4.07554
4.10446
4.01673
4.20206
4.02563
4.19427
4.37768
4.29686
4.21378
3.6467
3.81273
3.68519
3.9092
4.15336
4.01095
3.92777
3.9966
4.25126
4.06609
4.11511
4.21878
4.21682
4.18067
4.21888
4.22177
4.0836
4.18137
4.00238
3.99679
4.00361
3.78981
3.84579
4.14492
3.77614
4.15122
3.79595
3.9112
4.41971
4.32174
4.29835
4.21052
4.21939
4.37041
4.21156
4.05013
3.82811
3.83284
3.93109
4.1655
4.15478
4.08224
4.18536
4.05781
4.14594
3.86048
4.47213
4.0695
4.04286
4.13474
3.80178
4.3035
4.31707
4.2601
4.31882
4.06605
4.25896
4.36457
4.20457
4.01056
4.1314
4.24838
3.9805
4.15226
4.52078
3.92921
4.12582
3.82406
4.2476
4.51357
4.56822
4.05225
4.13882
4.2497
4.37944
3.99745
4.52178
4.70479
4.03539
3.88398
3.96964
4.03242
4.42252
4.13967
4.38726
4.25274
3.98122
3.98848
4.01507
3.94702
3.86626
4.17746
3.96249
4.15259
4.01965
4.34656
4.00403
4.3106
4.22678
4.19158
4.32338
4.37448
4.51814
3.67337
3.89055
4.42099
4.03765
3.46919
4.22265
3.94052
4.23493
4.181
4.09282
4.24708
4.22359
4.14578
3.85538
3.77642
3.97001
4.4292
3.98551
3.84723
4.02085
4.05817
4.14231
3.70886
4.3346
4.0971
3.91461
3.69234
4.26677
4.15166
4.21099
4.083
4.32084
3.92224
4.24577
4.19867
3.82339
3.78967
4.15233
3.98015
4.16628
3.92511
3.98672
3.79753
4.01147
3.97921
4.14019
3.68022
3.96283
3.92913
4.06154
3.88529
4.08491
4.16654
4.11226
4.56163
4.30546
4.3295
4.17442
3.88224
4.33953
4.12369
3.72787
3.98939
4.22892
3.9831
4.01409
4.48596
3.89305
4.20901
4.24163
3.93665
3.82275
3.62524
4.05521
3.88665
3.82543
3.64515
3.95049
3.94041
3.84312
4.16569
4.00872
3.92767
4.39379
3.88079
3.88041
4.19337
4.46701
3.99453
4.46773
4.03855
3.73676
4.12156
3.77173
3.99946
4.10687
4.07901
4.01073
4.109
4.24518
4.07272
4.25186
3.93318
3.87692
3.95742
4.02612
4.42002
3.95208
4.02166
4.11009
4.05831
4.08113
4.55494
4.16367
4.00243
4.09871
4.15393
4.31289
4.13805
4.12963
4.46984
4.14666
4.00992
4.55125
4.23658
3.807
4.15023
4.17325
3.98527
4.05189
3.78099
4.23752
4.23482
4.31237
4.10926
4.29581
4.26158
3.90658
4.46823
3.9941
4.50696
4.10669
4.35192
4.50183
3.96664
4.25745
3.9452
4.39848
3.87239
4.08748
4.36526
4.14128
4.21363
4.25813
3.69889
3.89237
4.20741
4.05944
4.30207
4.22758
4.16223
3.99543
4.15962
4.36932
4.00926
3.77859
4.18496
4.05871
4.14801
4.11519
4.19619
4.20299
3.97182
4.12603
4.27655
4.08351
4.45243
4.01159
4.18963
3.57001
3.69902
4.11127
3.97757
4.14579
3.8924
4.02819
4.44729
3.81479
3.9934
4.03641
4.19737
3.86313
3.60133
3.84789
4.15802
4.32828
3.80725
4.01785
3.93695
4.48397
3.8607
3.71155
4.20147
3.85059
4.29861
3.84272
4.20251
4.15386
3.93639
3.75292
4.03897
3.8064
4.21522
4.23409
3.6388
3.81958
3.61232
4.0484
3.83361
4.05772
4.21109
3.98863
4.53612
4.11579
3.9848
3.80908
4.17171
4.16282
3.81734
3.95026
4.04934
3.72579
4.0553
4.36573
4.39679
3.87544
3.75971
3.92742
4.05173
3.78836
3.81967
3.93462
4.18992
3.89752
3.61905
4.02618
3.85459
4.14312
4.09865
4.22078
4.19959
3.59042
3.85631
3.92552
3.92597
3.95341
3.82275
4.18468
4.12118
4.24321
3.95588
4.13535
4.03679
4.08266
3.96547
3.8462
4.13795
3.80948
4.26867
4.52708
4.20003
4.22631
4.40111
3.89549
4.21666
3.75208
4.47135
4.58514
3.70031
4.31121
3.81876
4.32062
4.50795
4.4258
3.99455
3.89191
4.11666
4.0646
4.25532
4.09404
4.13782
4.03967
3.94459
4.11398
4.1548
4.55427
3.98675
4.10059
4.12812
4.00454
4.07072
4.03529
4.46992
4.53683
4.29467
4.05146
4.13928
4.04276
4.40425
4.01822
4.18856
4.22836
3.96283
4.08607
3.94128
4.07934
4.27899
3.86935
4.38374
3.92503
4.08863
4.18796
4.29738
4.00297
4.37459
3.94199
4.15537
3.86136
4.28902
4.41404
4.07365
3.87364
4.06545
4.44292
4.24243
4.29324
4.09737
4.18433
4.51592
3.84543
4.54579
3.81647
3.85347
4.01681
4.34158
4.11174
4.30588
4.25389
3.76028
4.51663
4.19991
3.74958
4.17579
3.74857
4.20183
4.25563
4.19789
4.4686
4.69562
4.32937
4.19384
3.70739
3.88032
4.51295
4.24171
4.53661
4.33417
4.21202
4.02369
4.42065
4.0835
4.08159
4.34379
4.27211
3.77587
4.27503
4.39278
3.98711
4.19373
4.34289
4.32705
4.27332
4.25608
4.3781
4.44779
4.50645
4.15649
3.70038
4.06519
4.17514
4.15218
4.56009
4.31148
4.1363
4.13624
4.2229
4.3174
4.40107
3.95364
4.12476
4.20293
4.15136
4.32946
4.13224
4.5344
4.32529
3.98912
4.21694
4.27054
4.58389
4.68779
4.29504
4.48948
4.24388
4.28957
4.28631
3.96952
3.73358
4.32692
3.92296
4.34545
4.19767
4.16398
4.05416
4.45634
4.14647
4.32773
4.35841
4.09688
4.24089
4.09043
4.22642
4.15324
3.88806
4.55084
4.18271
3.99556
4.20478
4.41757
4.15486
3.99717
3.88192
4.18653
4.06015
4.39771
4.15432
4.31022
4.53634
4.53913
4.66955
4.22768
4.19135
3.73661
4.37
4.05324
4.16216
4.71398
3.83931
3.96496
4.1194
3.94426
4.74057
4.23522
4.14271
4.22792
4.42499
3.9356
4.03459
3.98885
4.25175
4.14141
3.91657
4.23081
3.96802
4.10985
4.37933
4.17352
4.1531
3.58421
4.11292
4.03339
4.03374
4.17527
4.12824
4.18931
4.49847
4.19741
4.05145
3.89566
4.5601
4.05993
4.37217
3.88246
4.17429
4.36192
3.85398
4.02035
4.61803
4.54244
4.17819
4.00064
4.36676
3.97779
4.1764
3.79076
4.1543
4.30058
3.91319
4.02321
3.98488
3.82818
4.10658
3.89554
3.88399
4.00332
3.58256
4.24322
4.1506
3.61565
4.0202
4.02731
3.5956
4.03913
3.9347
3.70754
4.08046
3.97207
3.70044
3.73031
3.88223
3.45751
4.23002
3.86011
3.93943
4.08267
3.91672
4.04943
3.90806
3.86677
3.97938
4.17934
4.17475
4.14536
4.2202
3.85193
3.74914
3.84118
4.15279
4.36561
4.03636
3.70899
3.91258
4.00525
4.26257
3.89987
3.82403
4.46697
3.66056
3.62158
3.87373
4.11955
4.21393
3.99875
3.91434
4.24655
3.86967
3.58992
4.08863
4.07036
4.06335
4.00606
3.89877
4.2496
4.13152
4.17094
3.80043
3.6048
3.9706
4.1803
3.98226
4.13743
3.88418
3.61751
3.89179
3.82017
3.66373
4.03639
3.92116
4.00609
4.2384
4.00579
4.5281
4.20907
4.18283
4.13911
4.42723
4.20824
3.90204
4.24303
3.93866
4.45285
4.47966
4.19976
4.09899
4.02968
4.41535
3.94093
4.33667
4.14719
4.1535
4.30165
4.12885
4.07754
4.0654
3.64263
4.09244
4.18307
4.22659
4.1825
4.41278
4.51604
4.61145
3.92042
4.77102
4.04855
3.88937
4.04008
3.95591
4.63174
4.17446
4.39858
4.09843
4.37922
4.32042
4.18164
4.26897
4.5877
4.09988
3.81458
4.29098
4.29613
4.33058
4.12765
4.21528
4.1725
4.30512
4.25487
3.95164
4.46147
3.84831
4.03322
3.98073
4.17507
4.29691
4.63199
4.22171
4.44485
4.23758
4.1677
4.38406
4.6098
4.4096
3.63381
4.10922
4.34475
3.90782
3.79576
3.89585
4.14825
4.11749
4.0033
4.1795
4.24073
3.78711
3.75691
3.86628
3.75877
3.93641
3.70706
4.47195
3.90318
3.91912
4.30337
4.26206
4.07738
3.92814
4.18832
4.12125
3.74922
3.74766
3.96808
3.97074
4.11867
3.85986
4.23339
3.93682
4.23413
4.28705
4.24514
3.50258
4.47466
3.59107
3.96757
4.14852
3.99515
4.0519
4.04681
4.07973
3.64476
4.44757
4.37671
4.19979
3.80184
3.62921
3.68521
3.83199
4.12344
3.98514
4.16943
3.7861
3.81396
3.86174
4.07307
4.18284
3.8802
4.12998
4.27383
4.00567
3.72361
4.09803
4.10072
4.02672
3.64809
3.67254
3.62824
4.13675
3.99091
4.15194
4.14607
3.50708
4.01865
3.74433
4.01848
4.39093
4.1293
4.36051
3.81357
4.13051
4.37237
3.48546
3.84038
3.5738
4.01378
4.4803
4.39464
4.34225
4.0409
3.83348
3.93537
3.99676
3.97384
4.40159
4.00598
4.22903
4.02564
4.09222
4.3884
3.93457
3.69368
3.90878
4.30655
4.2427
4.36384
4.37654
3.81902
4.1749
4.14868
3.93795
4.1078
3.94623
4.07005
4.36903
4.50789
4.20896
4.51739
4.15382
4.04525
4.03354
4.09003
4.15773
3.89264
4.0856
4.55711
4.12783
4.1046
4.05484
4.1854
3.85785
4.10501
4.35489
3.78418
4.26845
4.07276
4.32418
3.80174
4.1643
4.00465
3.84103
4.19712
4.01802
3.95053
3.97785
4.30999
3.8619
4.17979
3.92612
4.37649
4.19184
4.32215
4.32985
4.12623
3.90671
4.03969
4.70998
4.40684
3.80733
3.9041
4.23874
4.3807
3.96256
4.35105
3.86817
4.12233
3.93762
3.94765
3.9189
4.03718
4.34855
4.22049
4.19405
3.95655
4.14688
4.13817
4.62585
3.76566
4.00214
4.22293
4.10288
4.2337
4.1559
4.24201
4.22213
3.53248
4.24084
4.18007
4.00827
4.09261
4.11118
4.37312
4.23499
4.22415
4.62193
4.30103
4.13777
4.13347
4.07346
3.94396
4.2473
4.31231
4.02303
3.96609
4.04854
4.38595
4.26219
4.3671
3.99864
4.06577
4.10284
4.21615
4.28173
4.05781
4.2231
4.65594
3.85187
4.32772
4.09751
4.00131
4.29874
4.3501
3.965
4.14371
4.30824
4.09791
4.14759
3.94052
4.10137
4.24772
3.99578
4.01873
3.97853
3.99558
3.99254
4.07414
3.90342
4.20519
4.39946
4.28469
4.05178
4.3253
4.33459
4.03754
4.11342
4.01224
4.09416
4.10566
3.9185
3.56699
4.05406
4.1099
4.36078
4.0507
4.10029
4.29005
4.33153
4.16415
4.09154
3.69965
4.06834
4.11927
4.25142
4.19998
3.97653
4.04661
3.97388
4.05943
4.343
4.33585
4.18869
3.99931
3.97605
4.42506
4.27633
4.20718
4.14079
4.16412
4.10369
3.98777
4.47297
4.40919
3.87824
4.38112
4.28199
4.46232
4.06325
4.06374
3.8258
4.07524
4.13904
3.9305
4.17071
3.93764
4.00372
4.46752
3.65102
4.0294
4.07677
4.40068
3.57389
3.71253
4.14393
4.42373
3.89916
3.92187
4.17025
3.60852
4.10924
3.73978
3.90633
4.09546
3.85761
4.21393
4.26463
4.2838
3.99669
3.78028
4.07002
4.18299
4.10334
4.17847
3.91541
3.73536
3.61351
3.87126
3.57552
3.95604
4.23128
4.10975
4.24183
4.23731
4.05808
3.78915
4.42994
4.32248
4.23497
4.29874
3.89864
3.83467
3.86702
4.12535
4.23692
3.85819
3.74753
4.44686
4.42263
3.75029
4.36948
3.76379
3.92489
3.77968
4.02301
4.03053
3.84007
4.1331
3.84039
3.88812
4.13615
4.01275
4.01871
4.21309
3.95471
4.21402
4.24851
4.43563
3.79935
3.93402
3.80611
3.8492
4.10848
3.89508
3.98302
3.81223
4.34168
4.33744
3.77682
3.62016
4.05453
3.79028
4.08405
3.98971
4.02504
4.44829
4.38938
4.34202
3.98316
4.08655
3.58487
3.82967
4.2909
4.11248
3.92358
4.35547
4.03003
4.20962
3.72806
3.84381
4.1094
4.12489
3.75152
3.98497
4.10764
4.47212
3.79534
4.03403
4.68123
4.01294
4.13633
4.05538
3.76145
3.97671
4.01911
4.36163
4.65128
4.02948
3.81382
4.25407
4.58426
3.97935
4.03066
4.3576
4.16455
3.99574
3.89392
4.19555
3.84396
3.98021
4.05457
4.26083
4.2076
4.0402
3.90715
4.22733
4.09934
3.74629
3.95391
4.15579
4.38952
3.99267
4.21597
3.99486
4.03555
3.93711
4.34677
4.28548
4.24348
3.65765
3.86945
3.97962
3.98365
4.39211
4.32321
3.98308
3.83227
4.18843
3.97055
4.18346
4.08589
3.99279
3.9311
3.95908
4.01848
4.16091
3.98472
3.97719
3.88012
3.71718
4.19287
3.93892
4.06297
4.28247
4.05879
4.13553
3.90977
3.76401
3.9477
4.28265
3.88373
4.02605
3.99221
3.77736
4.3182
4.04161
3.53859
4.09746
3.72227
4.06252
4.0748
4.01199
3.9185
4.13383
3.82814
3.52966
3.58361
3.76402
4.12105
3.8066
3.93842
3.68326
3.74061
3.99236
3.97029
4.24714
4.10761
4.1513
4.00968
4.29298
3.78546
4.00238
3.64915
4.02116
3.33618
4.14649
4.09324
4.30315
4.51459
4.1941
4.08641
4.29828
4.32747
4.08455
3.80413
4.45825
4.37405
4.13216
4.18319
4.27545
4.24739
4.07927
4.23455
4.22888
3.63531
3.83647
4.44129
3.94654
4.41826
3.68016
4.1405
4.15601
4.04774
3.5564
4.48275
4.18963
4.2556
3.89379
4.28891
4.09118
4.1817
4.18416
4.03774
3.95103
4.18594
4.18146
4.33573
4.12602
4.24711
4.17203
3.67719
4.05358
4.3952
4.45638
4.12571
4.31562
4.1108
4.25744
3.95228
4.03926
4.05908
4.15884
3.7379
4.06842
4.57342
4.14311
3.81244
4.54314
4.01929
4.34385
4.43789
4.12701
4.55717
4.48153
4.14714
4.06066
4.36417
4.19793
4.12086
3.72199
4.57926
4.04224
4.54923
4.10718
4.62652
4.3622
4.73721
4.18369
4.40334
4.39678
4.17821
4.28078
4.79499
4.47823
4.65998
4.22491
4.41274
4.33153
4.32774
4.70892
4.35423
4.15986
3.95356
4.77592
4.41272
4.23004
4.01332
4.03419
4.38976
4.54784
4.0806
4.62406
4.42076
4.1217
4.39754
4.33114
4.30049
4.417
3.92741
4.33678
4.51664
4.06794
4.45921
4.09511
4.37819
4.51844
4.12941
4.09122
4.2717
4.26932
4.70681
3.85387
4.89241
4.21141
4.30977
4.08933
4.03302
4.16939
4.51694
4.07488
4.39369
4.43001
4.00651
4.17359
4.32968
4.6599
4.20935
3.80263
3.82055
3.85139
4.13705
4.24972
4.06266
4.21957
4.08186
3.9393
4.45731
4.15091
4.13776
3.89907
4.19387
4.03354
4.1734
4.46095
3.96018
3.66001
3.48941
3.96113
4.04154
4.0839
3.87744
3.87665
3.99058
4.1933
4.16123
3.97909
4.16709
3.76487
3.79518
4.36153
4.27403
4.03645
3.85925
3.79421
4.35045
3.88256
3.69564
3.74734
3.96084
4.2841
4.07661
3.78605
4.02112
4.12838
3.65421
4.04298
4.14377
3.63787
4.19089
4.09587
3.98694
3.7906
4.15601
4.07526
3.83043
3.98627
3.76803
4.00433
4.04706
4.04189
3.64852
3.94066
4.1531
3.99759
3.85454
3.96783
3.75687
4.24063
3.84571
4.46529
4.09134
3.55065
4.10488
3.73519
4.12867
3.95929
4.02616
4.30997
3.58884
4.04198
3.97413
3.9021
4.05583
3.17823
4.23797
4.04225
3.75796
3.875
4.11095
3.71835
4.21625
3.73104
4.01725
3.64563
3.63463
4.13155
4.17145
3.79165
3.79973
3.90635
4.257
4.22149
3.75931
3.5905
3.74935
3.96042
3.83504
3.63571
3.72662
3.61448
3.84832
4.19099
3.94723
3.69141
3.8985
3.87024
3.88343
3.78899
3.84927
3.76285
3.86288
4.14335
3.85665
4.0371
3.83664
4.23684
3.9883
4.28209
3.97969
4.04061
4.12272
4.03243
3.98555
4.45212
4.38231
4.21377
3.97347
4.20245
3.88807
4.51817
4.12593
4.0532
3.76461
4.10003
3.88486
3.9044
4.2752
3.65041
4.12625
3.90808
4.40665
4.53533
4.29933
4.35741
4.14889
4.46094
4.42598
4.03035
4.26358
4.23395
4.47659
4.15333
4.07229
4.13905
4.20502
4.20937
3.8106
4.44819
3.76008
3.92546
3.45659
3.67572
4.326
4.47065
4.04353
4.31016
4.33147
3.93189
4.41356
4.30895
4.03673
4.26824
4.32456
3.82358
3.93562
4.16392
4.1028
4.19813
4.09626
4.00773
4.14971
4.17159
3.86352
4.03367
3.89948
4.13255
4.37892
4.40679
4.10444
3.92457
4.08407
4.21521
3.9755
4.19187
4.28394
4.04495
3.60607
4.15631
4.38171
4.05625
4.25388
3.94423
3.95278
3.71036
3.83886
3.88906
3.92436
4.1409
4.13766
4.51476
3.89967
4.33641
4.04286
3.75984
4.379
4.14786
4.02387
4.18813
4.13952
4.07016
4.45807
3.86027
4.7445
3.53129
3.93112
4.1596
3.80501
3.78797
3.93636
4.14823
3.84423
3.66283
4.02777
3.94869
3.9872
3.90359
4.23554
3.99483
4.22502
3.9717
4.03771
3.87026
4.23558
4.23582
4.18244
3.9641
3.75172
4.28878
4.02443
4.04364
3.56856
3.65297
4.15151
3.90124
4.28034
4.17076
4.48785
4.36846
4.25852
4.25127
4.19318
4.13542
4.39915
4.71971
4.62399
4.54386
4.17827
4.24346
4.18511
4.26716
4.04109
4.39465
4.26519
4.52031
4.04442
4.44324
4.16811
4.0809
4.44816
4.23814
4.14597
4.00164
4.01445
4.13756
4.43451
4.2401
4.85206
4.02476
3.91438
4.00858
4.51565
4.32447
4.18002
4.10091
4.71871
3.91943
4.51712
4.24171
3.88431
3.99103
4.40307
4.06726
4.3089
4.03279
3.918
4.44377
3.81687
4.80072
4.57209
4.69254
4.38771
4.10832
4.20605
4.25317
4.22329
4.14467
3.8149
4.39754
4.04101
3.93934
3.86822
4.37428
4.00467
4.18845
4.32613
4.20829
3.89213
3.95398
4.03287
4.21533
4.61286
3.80748
4.08506
3.89474
3.90374
4.25142
4.25612
3.83295
4.05151
3.71585
3.87262
4.40803
4.24183
3.91139
4.28707
4.35109
3.94575
4.06395
4.40435
4.41178
4.10453
3.6517
3.9665
4.05091
4.0613
4.09104
4.05863
4.47741
4.12121
4.28327
3.96985
3.85374
3.9279
4.42384
4.00992
4.1734
3.8685
3.40925
3.8097
3.84503
3.56861
4.07452
4.30283
4.08439
4.21795
4.50442
3.99517
4.02073
3.59502
3.94815
4.12708
4.75554
4.42408
4.68429
3.9358
4.23319
4.12552
4.04249
4.31005
4.10219
4.45354
4.13215
4.1641
3.96038
4.14293
4.3237
4.51824
4.14873
4.79703
4.44066
4.2818
4.6975
3.93167
4.40973
4.28074
3.99435
4.47694
4.58938
4.09744
4.24632
4.60943
4.29288
3.67641
4.4894
4.10261
4.178
4.14551
4.30391
4.04933
4.29426
3.87009
4.12879
4.29883
4.49345
4.03133
4.41166
3.87535
4.67841
4.27933
4.19445
4.07641
4.64484
4.02493
4.29944
4.36319
3.91011
4.12047
4.12754
4.19225
3.96915
3.93173
4.52471
3.98773
4.18368
3.9846
3.99533
3.89244
4.04654
4.05535
4.02199
3.95159
4.05621
4.15894
4.38683
4.1935
4.40317
3.8422
4.3651
4.30374
4.41426
4.50435
4.34392
4.35004
3.86467
4.52547
3.96057
4.07316
4.23383
4.12924
4.10996
4.08806
4.54831
4.13891
3.90766
3.91778
4.17792
4.09104
4.21177
3.33762
3.66316
4.2526
3.85512
4.24731
4.0363
3.94896
4.0936
4.49371
4.26818
4.11786
3.72197
4.0864
4.3201
4.30489
3.84629
4.2097
3.82936
3.9502
4.20998
3.91884
3.94781
4.0088
4.25344
4.18379
4.13306
4.10638
4.07046
3.96037
4.09792
3.74722
3.98605
3.89016
4.03011
4.29258
3.99907
3.84205
4.21706
3.80672
4.33484
4.38462
4.44835
4.14326
4.43762
3.56981
4.31469
4.27712
4.10388
4.21974
4.24371
4.129
4.19445
4.2009
4.32572
4.26357
3.65673
3.9483
3.93464
4.12394
4.39373
3.93751
3.89033
4.14445
4.15671
4.26972
4.17539
3.67479
4.12746
4.09801
4.14863
3.65737
4.2097
4.00231
4.5394
3.93505
3.71974
4.09889
4.213
4.19658
4.31214
4.32821
3.81447
3.96176
3.81136
4.22469
3.99427
4.23081
3.86092
4.03297
3.95425
3.75027
4.0277
3.8147
4.08882
4.1754
3.66581
4.25157
3.94192
3.994
4.26206
3.91996
4.09145
4.29345
3.90888
4.21014
4.25885
4.02679
3.92896
3.83299
4.66071
4.32752
4.03746
3.88626
4.00038
4.08394
4.15524
3.72077
3.85703
3.99049
4.0011
3.90704
3.86017
4.11785
3.95546
4.22207
4.36368
4.24739
3.97601
3.89754
4.29563
4.0136
4.44318
3.9901
3.86175
4.05247
4.1519
3.9986
3.91994
3.99048
3.95242
4.02469
4.25052
3.94482
4.43022
4.08003
4.11716
4.33737
3.97371
4.27366
4.26466
4.06938
4.52022
4.42336
4.20194
4.5266
4.17866
4.16893
4.54456
4.32044
4.41576
4.31793
3.82759
4.06278
4.40325
4.15369
4.51419
3.79867
4.31129
4.38723
3.86931
4.00116
4.45077
4.14983
4.05821
3.97286
4.38974
4.19681
4.18318
3.71244
4.22768
3.92925
4.50911
3.99433
4.10071
4.60156
4.16966
4.23289
4.28026
4.23635
4.35628
4.28555
4.1964
4.09669
4.47433
4.4627
4.41385
4.18362
4.3375
4.21307
3.80478
4.14986
4.26038
4.1042
4.22969
3.70862
4.11832
4.07537
4.021
4.20037
4.38198
4.08555
4.11181
4.01975
4.39241
4.26433
4.27509
4.09731
4.30691
3.79622
4.09364
4.83406
3.86979
3.89841
4.1854
4.37729
4.23071
4.05278
4.10428
4.2458
3.71367
4.25305
4.04005
4.23776
4.09328
4.17791
4.15331
3.79838
4.14912
4.20247
4.19358
4.02291
4.2796
4.61592
4.22828
4.16851
4.19922
4.22673
3.95273
4.11281
3.78413
4.30455
4.33476
4.22796
3.91435
4.00178
3.95832
3.54473
3.90263
4.04973
4.18832
4.28292
3.77811
3.68104
3.75998
4.1267
4.20845
4.02227
3.88685
4.16158
4.22796
3.86202
4.3265
3.96371
4.23657
3.68903
4.41371
4.7879
4.057
3.83524
3.80875
3.85087
3.85355
4.20924
4.35385
4.5894
3.6713
3.9907
4.209
3.84054
4.2292
3.8553
4.09271
4.13842
4.00196
3.88492
3.81091
4.07834
4.14436
4.0597
4.31064
4.01258
4.1737
4.30231
3.98012
4.50932
3.99718
4.11022
3.72343
4.05324
3.81296
3.93087
3.98272
3.57585
4.03013
4.04842
3.8421
4.03816
4.05578
4.22107
3.80852
3.53803
3.80929
4.1518
3.98893
4.39802
4.34695
3.9575
4.31547
4.58925
4.24363
3.92289
4.49901
4.20561
4.13655
3.95732
3.89682
3.96963
3.84865
4.15931
3.55136
4.06273
3.99106
3.99151
4.24105
3.802
3.79612
3.868
3.94795
4.20665
3.5817
4.19749
4.09522
3.60149
4.21353
3.93203
3.80916
3.68585
4.07604
4.31057
4.20487
4.21556
4.07384
4.40391
4.01493
3.94712
3.98904
4.13366
3.97391
4.46612
4.07609
4.02484
3.9969
3.89903
4.15314
3.87499
3.87322
4.30741
3.65774
3.77314
4.27058
4.25416
3.91709
4.29105
3.79326
4.18746
4.83029
4.53829
4.34865
4.11111
4.29147
4.15044
3.72634
3.65129
3.89143
3.8931
3.94194
3.77794
3.9874
3.78539
3.89662
3.6513
4.03698
3.78955
3.78107
4.30176
4.38367
4.29931
3.86356
4.13739
3.86597
3.98784
4.38461
4.08302
3.92139
3.89792
3.98582
4.51891
4.04456
4.01849
3.88358
3.88711
3.99825
3.82775
4.18535
3.67634
4.09641
3.96279
4.20232
3.38446
4.28449
4.0398
4.19958
4.15233
4.27457
3.75709
4.09283
4.18258
4.26735
4.04152
3.78426
3.77937
4.15689
4.17202
3.9122
3.65688
4.10373
4.24835
3.80191
4.0795
3.47624
3.71619
4.11727
3.65566
4.12499
3.40948
4.04495
3.87267
4.01164
4.33223
4.07079
4.07706
4.11974
3.7976
3.91739
4.20273
3.66495
4.16566
3.57495
3.7843
3.92528
4.06389
4.18003
3.88344
4.29059
3.83182
3.99855
4.21851
3.92116
3.76796
4.31196
3.90991
3.85464
3.97677
4.03359
4.00218
4.18971
4.07509
4.21075
3.70912
4.47495
4.321
3.92093
3.75824
4.2336
4.30642
4.0892
3.99669
4.41558
4.04524
4.12876
3.93892
3.62311
4.0557
4.42743
4.10164
4.41048
3.83346
4.05991
4.31637
3.92827
3.90698
3.77359
3.5786
4.11086
3.61503
4.08959
4.07596
4.09799
4.33302
3.36848
4.05554
4.03053
4.06468
3.98595
4.15584
3.84972
3.75184
4.10265
4.00783
4.27767
4.10306
4.38768
4.27467
4.15694
4.40613
4.45234
4.48708
4.32248
4.28236
4.03735
4.45825
4.15797
4.24388
4.26048
3.79189
4.1801
3.98792
3.86006
4.02831
4.05613
4.26226
4.30894
3.60119
3.966
4.15897
3.9154
3.93582
3.71475
3.86351
4.15155
4.38008
4.1477
4.06268
4.32508
4.27145
4.09317
4.25961
4.33901
4.31327
4.41037
3.85444
4.26676
3.84275
4.00995
3.97753
4.19088
3.88144
3.78503
3.6025
4.03739
3.96453
3.78406
3.82454
3.62039
4.08286
4.27254
4.11746
4.46826
4.38853
3.9161
4.01171
3.96922
4.38734
4.08261
4.14929
4.02992
4.10191
4.16624
4.21511
4.34499
4.191
4.09527
3.89389
4.11412
4.25598
4.21941
3.96437
3.71409
4.21369
3.52355
4.32559
4.09786
3.91709
3.80224
4.15089
4.09571
4.10335
4.21085
3.9778
4.35336
3.99169
4.16094
4.32932
3.73183
3.96551
4.16223
3.89337
3.89236
4.39149
4.12989
3.76629
4.12256
4.28371
4.20793
4.46109
4.27943
4.36959
4.12032
4.19132
4.01927
3.99735
4.55044
4.33002
4.35846
4.15207
4.11008
4.07848
4.19168
4.12235
3.7933
4.10563
3.77674
4.13156
3.79171
3.95062
3.98687
3.78732
3.68277
3.63208
4.01611
4.35613
4.20864
4.11814
3.74802
3.68095
3.83139
4.36038
3.99382
4.33963
4.32744
4.37914
4.14559
4.19615
3.98747
4.08823
4.13238
3.90909
4.15656
4.1363
4.2006
3.50712
4.00481
4.20762
3.75998
3.83194
3.91834
3.93952
4.03368
4.03237
3.73732
4.0208
3.97286
4.04072
3.59119
3.81167
4.04027
3.99502
3.62885
3.79956
3.5114
3.96359
3.61349
3.64004
3.62015
3.50292
3.89417
3.71168
4.25871
3.70327
3.76688
3.68988
3.89676
3.83417
3.73172
4.22411
3.75104
3.93159
3.87234
3.95904
4.17631
3.96714
3.90452
4.10715
3.9633
3.89305
4.37287
3.8862
4.28162
4.05823
3.93461
4.16878
4.31925
4.02881
3.82081
4.09118
4.20817
3.98216
4.18659
4.48271
4.39212
4.14211
4.44957
4.43993
4.35385
3.98035
4.08617
4.38426
3.91406
4.41613
4.08453
4.54558
4.12304
3.87313
3.8296
4.05167
3.82073
3.85579
4.18677
4.078
4.01806
4.26751
3.9203
3.82199
4.52739
3.91557
4.28892
4.45878
3.95375
3.74465
4.40454
4.17912
3.99609
4.06219
4.25799
3.97307
4.58819
4.43252
4.01417
4.13456
3.98307
3.51193
4.09762
4.21157
4.19562
3.83987
4.35005
4.09316
4.03612
4.05182
4.04808
4.11164
4.12221
4.06302
4.31569
4.17967
3.88833
3.61967
3.61113
3.93676
3.74394
4.4784
4.05045
4.27411
3.99803
4.17842
4.26303
3.80541
4.65042
4.04801
3.50671
3.82877
4.30314
4.34229
3.81102
4.26909
3.90405
3.87764
4.07324
4.17125
3.94636
3.70129
4.12539
4.04311
4.28644
3.73223
3.88004
4.345
4.426
4.21907
4.4901
4.43484
4.0223
4.27951
4.19573
4.27992
4.04323
3.6622
4.28364
4.08933
3.80304
4.37549
3.95938
3.9824
4.01408
4.08684
3.81848
4.37769
4.31286
3.75153
4.07601
3.99566
4.53423
4.11993
4.10378
4.00668
4.14782
4.32641
4.25584
4.32324
4.16054
4.05512
4.02727
4.33754
4.10358
3.98705
4.42952
4.39917
4.34657
3.85042
4.34947
4.60011
4.07087
3.73448
4.53765
4.3164
3.64962
4.45108
4.54372
4.51739
3.92396
3.61676
3.97397
4.36716
4.25523
4.42573
4.35253
4.35899
4.19581
4.14403
3.73975
4.38289
3.99621
4.12926
3.96973
4.39477
4.33126
3.68063
3.88193
4.41766
4.01618
4.29592
4.2294
4.21651
4.30417
4.11049
4.09239
4.26655
4.03118
3.8934
4.53206
4.47024
3.899
4.67189
4.6849
4.14622
4.27248
4.1569
4.21873
4.36484
4.20113
3.99819
3.93455
4.59365
4.00503
4.35114
4.48067
4.23023
4.15122
4.40783
4.24083
4.2251
4.22395
4.20473
4.30679
4.08723
4.49376
4.23659
4.1319
4.38225
4.17728
4.30999
4.22902
4.31597
4.12288
4.1333
4.25659
4.07656
4.44232
4.29167
4.44281
4.60943
4.18155
4.68373
3.98428
4.21486
4.62007
4.10527
4.03107
4.19995
4.3533
4.26418
4.30448
4.26443
4.50834
4.17596
4.07797
4.01624
4.06393
4.2558
4.21914
4.22034
3.90153
4.12385
4.13729
4.25802
4.52057
4.0523
4.042
4.22139
4.16818
4.06375
4.15501
4.1202
4.01159
4.09732
4.31316
3.82691
4.83586
4.30932
4.0083
4.09026
3.83454
3.85137
4.37781
4.11278
4.43256
3.9792
4.49912
4.0819
4.59191
4.39622
4.03251
4.30263
4.0716
4.18533
3.848
3.84026
3.80281
4.01455
4.46997
4.28544
4.20951
4.57559
4.09267
3.9151
3.91785
4.21248
4.05605
4.58952
3.87624
4.2926
3.98062
4.25395
3.84776
4.12039
4.30559
4.38541
4.19652
4.27406
4.03575
4.5673
3.93065
4.15687
4.60228
4.30092
4.23472
4.40233
4.02277
4.11792
4.10655
3.70429
3.93973
4.2199
4.03329
4.28004
3.95862
3.7202
3.86977
4.02845
4.10519
4.35351
4.04214
4.2119
3.92633
3.8117
3.85927
4.02292
4.17123
3.94428
4.14003
3.74707
4.19034
3.69612
3.89209
4.01117
3.64249
3.87597
4.11566
4.11629
3.6467
4.15165
3.68973
3.63742
4.1501
3.82718
4.12178
4.32565
4.32611
3.91106
4.39042
4.10262
4.45185
4.16815
4.06918
3.92113
4.16028
4.31493
4.08971
3.80184
4.16948
3.63939
4.17251
3.50262
3.94081
4.3564
4.31868
4.40375
4.52177
3.70872
4.28476
4.02298
3.9393
3.9017
3.80847
4.31527
4.44312
4.35368
3.95683
4.21561
3.89672
3.82275
4.19459
4.12915
4.14334
4.16999
4.50087
4.43908
4.18052
4.20776
4.67128
4.64066
4.41317
4.32729
4.28632
3.85394
4.12138
4.47841
4.2435
4.20459
4.08563
4.14722
4.35468
4.52331
4.19513
4.14861
4.41383
4.06481
4.28954
4.23261
4.34327
4.26924
4.45362
4.13565
4.62966
4.01244
4.24215
4.13813
4.4145
4.33154
4.47489
4.35641
4.3853
4.24757
4.30315
4.07653
4.07391
3.9136
4.39107
4.35873
3.77904
4.52435
3.98708
4.35777
4.23004
3.6992
4.62159
3.81004
4.14775
4.38487
4.49553
4.23515
3.83601
4.1195
4.2127
3.83856
4.30064
3.98101
4.40582
4.38098
4.00698
4.18003
3.86495
4.26459
4.00052
4.42825
4.2666
4.15969
4.07593
3.92985
4.02309
4.43097
4.07455
4.05573
4.31588
4.33723
4.08999
3.59239
3.69569
4.0576
4.15791
4.14384
3.99973
4.02734
4.13104
4.00709
3.99286
3.95768
3.85878
4.1884
4.18565
4.24613
4.33008
3.96093
4.18207
4.00597
3.70735
4.21084
3.90719
4.092
4.0779
3.62915
3.90579
3.95887
3.91145
3.72052
4.08887
4.2767
4.12177
3.92336
3.96475
4.14956
4.08933
3.84967
3.67423
3.93648
3.98607
3.82864
4.08481
3.52992
4.12101
4.23847
4.25311
4.33511
4.02093
4.05993
4.25232
4.48414
4.33934
4.19805
4.06745
4.30232
4.21515
4.27573
4.27267
4.02762
4.07147
3.81426
3.91908
4.10164
3.99912
4.16944
4.30706
4.6406
4.59928
3.96322
4.28224
4.32378
4.58805
4.13464
4.02627
4.08496
4.4934
3.85126
4.34137
4.32093
4.16912
4.22154
4.4663
4.32607
4.18194
4.31526
4.35595
4.66644
4.13509
4.25967
4.21834
4.13435
4.49845
4.03772
4.26886
4.10855
4.14064
4.36329
3.80099
4.10997
4.41843
4.15548
4.09951
3.9841
3.91994
4.201
3.59869
4.03074
4.17147
4.22434
4.13071
3.8142
3.98801
3.58418
4.15445
4.21994
4.15113
3.91741
3.84697
4.03063
3.99163
4.27792
4.09566
4.11219
4.32088
4.26548
4.12965
4.28972
4.37057
3.80292
3.99421
3.78003
3.88177
4.19996
4.06499
4.12202
3.64107
4.43268
3.9268
3.93125
3.597
4.10516
3.98426
4.21376
3.94694
4.40051
4.04633
3.65654
4.36997
3.76365
4.38771
4.16542
4.21226
4.20649
3.8757
3.90404
4.3962
3.93395
4.05603
3.83348
4.3061
4.03765
3.83151
4.03151
4.53439
4.09372
4.13865
3.85581
4.2529
4.22141
4.31463
3.67013
4.19675
3.88265
4.09503
4.18267
4.04509
4.36529
4.12098
3.82876
4.01157
4.28098
4.5557
4.0043
3.85053
4.38581
4.58563
4.40107
4.17124
3.91479
3.99352
3.71818
4.22249
3.91958
4.29336
4.41278
4.21839
3.86537
3.7335
4.06649
4.00977
4.01973
3.88795
4.11245
4.03364
4.00073
4.49775
4.11102
4.47535
3.76022
4.28467
4.14908
4.592
4.5126
4.48057
4.19606
4.01828
4.38499
4.12215
4.26468
4.33443
4.3096
4.45875
4.83181
4.4427
3.87739
3.76332
3.96369
4.21904
3.98793
4.07749
4.17151
3.81398
3.92289
3.93512
4.3265
4.30418
4.17284
3.62591
3.54953
4.0309
4.21449
4.08798
4.10264
4.14763
4.0139
3.75271
4.18561
3.98456
3.91076
3.83523
3.63219
3.9975
4.13362
3.91604
3.78407
4.08081
4.04669
3.62817
4.45177
4.00736
3.61082
4.02345
3.84127
3.85673
3.67647
3.9699
3.95514
3.82446
3.85245
3.86674
3.65743
3.85558
3.86069
3.95252
4.0948
3.93047
3.71624
3.80144
3.70199
4.15729
3.90576
3.73011
4.24379
3.93957
3.6357
3.88245
4.10599
3.85275
3.97257
4.10141
3.79514
3.89152
4.04609
3.5634
3.85085
4.04701
4.10114
3.96293
3.78796
4.1404
4.00623
4.12387
3.73754
3.96206
3.6163
3.65678
4.16098
4.0172
3.79845
4.16688
3.90067
3.98347
3.77271
4.06746
3.71962
4.442
4.04482
4.21711
4.06398
4.00487
3.93237
4.09987
3.86731
4.62455
4.13143
3.82988
4.09011
4.04442
4.1886
4.32158
4.05395
3.80775
4.17283
4.07841
3.98209
3.78665
3.69109
3.46563
4.15461
3.935
3.99126
4.36544
3.85665
3.85142
4.36675
4.42043
3.81306
3.88871
4.32748
4.36933
4.07823
4.42202
3.73364
4.11923
3.97827
4.23287
4.34747
3.77215
4.06165
3.94307
3.9237
3.65976
4.22292
4.05738
4.05364
3.62834
4.25433
4.34401
4.03061
3.78993
4.29041
4.45866
4.04206
3.67251
3.99359
3.81508
4.12767
4.17138
4.17728
4.32272
3.81264
4.10711
4.1281
4.11378
3.79159
3.94875
4.01595
4.31528
4.4162
3.70581
4.19872
4.16515
4.04017
3.98087
4.14021
4.03135
4.03568
4.15337
4.5089
3.79098
3.95848
3.39278
3.67528
4.12639
4.00942
3.85048
4.03399
3.96586
4.21033
4.17533
4.00996
3.91972
4.16462
4.33192
4.29161
4.46665
4.10028
4.56221
3.74634
4.16735
4.12632
3.97093
3.91955
3.98895
4.11758
3.94523
4.04611
4.16253
4.18861
3.75657
4.05507
4.11932
4.00144
3.87497
4.21784
4.20343
4.25417
3.94647
4.41296
3.71783
4.0681
4.12541
4.10434
3.72353
3.88553
3.96018
4.0335
3.94198
3.87195
4.39608
4.21145
4.00761
4.04938
3.95452
4.09043
3.90283
4.30416
3.71631
4.07367
3.95081
3.89541
4.24116
4.02726
3.91191
3.77162
3.98266
3.53243
4.21801
4.31074
4.1413
4.24616
4.2178
3.89303
4.20289
4.25012
3.68879
4.04572
4.66738
4.13693
3.83775
4.15875
4.12448
4.03069
4.29029
4.16499
3.89174
3.96934
4.026
4.03791
4.30409
4.11948
3.97687
3.93796
4.11997
4.16184
4.11157
3.95503
4.29746
4.53322
4.07238
4.03458
4.48215
3.81807
4.01402
4.05333
4.32721
4.22153
4.18647
4.44011
3.67406
3.78128
4.37323
4.31496
3.79678
4.23644
3.93486
3.75419
4.2152
4.42783
4.26686
3.88889
4.31208
4.009
4.18095
3.92706
4.48951
4.10027
4.45743
4.21678
4.03325
4.15665
4.30959
4.21452
3.97124
3.86495
3.82094
4.12891
4.18783
4.17161
3.90125
4.00537
4.01945
3.72525
4.25505
4.21601
4.49127
3.96689
4.15597
4.24693
3.99758
4.03877
4.05335
3.98167
4.24729
3.86169
4.21201
4.36145
4.41643
4.06273
4.24396
4.27495
4.39087
3.92985
4.38605
4.15668
3.70577
4.19073
4.00305
4.16588
4.0542
4.1132
4.00519
4.2638
4.29234
4.14969
4.26081
4.34295
4.25047
3.61663
4.45946
3.95802
3.89978
4.30903
4.12129
4.15347
4.36279
4.0613
4.09493
4.34691
3.84931
4.26125
3.71303
4.04421
4.42475
4.09679
4.13617
4.09065
4.04547
4.12908
4.1083
4.13728
4.0714
3.75054
4.34162
4.44956
4.37936
4.42598
4.49337
4.18907
3.86982
4.04129
4.42111
4.22004
4.03755
3.6204
3.93665
4.1214
4.14378
4.05521
3.8536
3.69151
3.80476
3.97734
4.44898
3.99438
4.34248
4.01385
4.33915
3.98016
3.8327
4.36992
4.56852
4.27579
4.26732
3.86555
4.07086
4.18055
4.3295
4.546
3.84802
4.37478
4.13103
4.14206
4.32573
4.0413
3.51128
4.0735
4.23227
3.97104
4.06815
3.96463
3.96245
3.82805
3.85177
3.78515
4.12688
3.75498
3.67486
4.20905
